3005.0 2.50872
3030.0 2.2084800000000007
3055.0 1.9412600000000002
3080.0 1.7074500000000001
3105.0 1.5182600000000002
3130.0 1.3583299999999998
3155.0 1.15734
3180.0 1.01678
3205.0 0.9163300000000002
3230.0 0.84665
3255.0 0.79306
3280.0 0.7510600000000001
3305.0 0.71229
3330.0 0.6789100000000001
3355.0 0.6518600000000001
3380.0 0.63322
3405.0 0.6162299999999999
3430.0 0.6051800000000002
3455.0 0.5891899999999999
3480.0 0.56207
3505.0 0.5345399999999999
3530.0 0.51535
3555.0 0.50268
3580.0 0.49306999999999995
3605.0 0.48353
3630.0 0.47173
3655.0 0.45890000000000014
3680.0 0.44605
3705.0 0.4344900000000001
3730.0 0.42464999999999997
3755.0 0.41634
3780.0 0.4087200000000001
3805.0 0.40099
3830.0 0.3927
3855.0 0.3836900000000001
3880.0 0.37368999999999997
3905.0 0.36302
3930.0 0.35139999999999993
3955.0 0.33946
3980.0 0.32795000000000013
4005.0 0.31757
4030.0 0.30859000000000003
4055.0 0.30068
4080.0 0.2935499999999999
4105.0 0.2866000000000001
4130.0 0.27997
4155.0 0.27339
4180.0 0.26698000000000005
4205.0 0.26117
4230.0 0.25566
4255.0 0.25045
4280.0 0.24553999999999995
4305.0 0.24050999999999995
4330.0 0.23565000000000008
4355.0 0.23052999999999996
4380.0 0.22557999999999995
4405.0 0.22063999999999998
4430.0 0.21560000000000007
4455.0 0.21083999999999994
4480.0 0.20610000000000006
4505.0 0.2016500000000001
4530.0 0.19748000000000002
4555.0 0.19345
4580.0 0.18969000000000003
4605.0 0.18608000000000002
4630.0 0.1824699999999999
4655.0 0.17901000000000003
4680.0 0.17581000000000002
4705.0 0.17288000000000003
4730.0 0.17021000000000006
4755.0 0.16780000000000003
4780.0 0.16539999999999996
4805.0 0.16300000000000006
4830.0 0.16059999999999997
4855.0 0.15833999999999993
4880.0 0.15607999999999997
4905.0 0.15395
4930.0 0.15208000000000005
4955.0 0.15045000000000003
4980.0 0.14883000000000002
5005.0 0.14746
5030.0 0.14622000000000004
5055.0 0.14498000000000005
5080.0 0.14386000000000004
5105.0 0.14275000000000004
5130.0 0.14162999999999998
5155.0 0.14065000000000005
5180.0 0.13952999999999993
5205.0 0.13841999999999996
5230.0 0.13718999999999995
5255.0 0.13607999999999998
5280.0 0.13485000000000003
5305.0 0.13361999999999993
5330.0 0.13240000000000005
5355.0 0.13128999999999993
5380.0 0.13031000000000004
5405.0 0.12933000000000006
5430.0 0.12836000000000006
5455.0 0.12761999999999998
5480.0 0.12689000000000006
5505.0 0.12627999999999995
5530.0 0.12566999999999998
5555.0 0.12518000000000007
5580.0 0.12482000000000006
5605.0 0.12445000000000005
5630.0 0.12408999999999995
5655.0 0.12372000000000007
5680.0 0.12335999999999997
5705.0 0.12299000000000003
5730.0 0.12250999999999995
5755.0 0.12189999999999998
5780.0 0.12104999999999998
5805.0 0.12020000000000006
5830.0 0.11898999999999993
5855.0 0.11766
5880.0 0.11608000000000004
5905.0 0.11427000000000001
5930.0 0.11221999999999997
5955.0 0.10993999999999998
5980.0 0.10753999999999998
6005.0 0.10489999999999997
6030.0 0.10203999999999996
6055.0 0.09905999999999995
6080.0 0.09609000000000004
6105.0 0.09324999999999997
6130.0 0.09064999999999998
6155.0 0.08817
6180.0 0.08606000000000004
6220.0 0.08781000000000005
6290.0 0.08195999999999995
6365.0 0.07724999999999997
6436.0 0.07623000000000003
6473.0 0.0757
6530.0 0.07487999999999996
6600.0 0.07388000000000004
6670.0 0.07287
6740.0 0.07186999999999998
6790.0 0.07115000000000007
6850.0 0.06913999999999998
6975.0 0.06484000000000002
7055.0 0.06207999999999998
7100.0 0.06054000000000005
7150.0 0.05881999999999999
7220.0 0.05640999999999996
7270.0 0.05538999999999996
7365.0 0.05455000000000001
7460.0 0.053699999999999956
7550.0 0.052909999999999985
7580.0 0.052640000000000055
7725.0 0.05191000000000007
7780.0 0.052350000000000035
7820.0 0.052680000000000046
7910.0 0.05340999999999996
8000.0 0.054140000000000056
8090.0 0.05486999999999996
8210.0 0.05404000000000002
8260.0 0.053109999999999935
8370.0 0.05106000000000005
8405.0 0.04806000000000004
8430.0 0.04840000000000007
8455.0 0.04829000000000006
8480.0 0.04783
8505.0 0.047039999999999936
8530.0 0.046130000000000025
8555.0 0.04523000000000002
8580.0 0.044549999999999965
8605.0 0.04410000000000005
8630.0 0.04397999999999996
8655.0 0.04442999999999994
8680.0 0.045109999999999977
10005.0 0.044660000000000005
10030.0 0.04568000000000004
10055.0 0.04670000000000003
10080.0 0.047490000000000004
10105.0 0.04829000000000006
10130.0 0.04897000000000003
10155.0 0.049649999999999944
10180.0 0.05011000000000002
10205.0 0.05056000000000004
10230.0 0.05101999999999999
10255.0 0.05123999999999994
10280.0 0.05146999999999996
10305.0 0.0517
10330.0 0.051810000000000016
10355.0 0.051810000000000016
10380.0 0.051810000000000016
10405.0 0.0517
10430.0 0.051579999999999966
10455.0 0.05146999999999996
10480.0 0.05123999999999994
10505.0 0.05101999999999999
10530.0 0.050669999999999986
10555.0 0.05032999999999996
10580.0 0.04988000000000002
10605.0 0.04953999999999996
10630.0 0.04908000000000002
10655.0 0.048510000000000025
10680.0 0.04806000000000004
10705.0 0.047490000000000004
10730.0 0.046929999999999944
10755.0 0.04636
10780.0 0.04579000000000001
10805.0 0.045109999999999977
10830.0 0.044549999999999965
10855.0 0.04387000000000002
10880.0 0.04330000000000006
10905.0 0.042629999999999994
10930.0 0.04195000000000001
10955.0 0.04139
10980.0 0.04071000000000006
11005.0 0.04003000000000001
11030.0 0.03946999999999998
11055.0 0.03890999999999995
11080.0 0.038229999999999986
11105.0 0.03767000000000005
11130.0 0.037110000000000046
11155.0 0.03655000000000005
11180.0 0.0361
11205.0 0.03565000000000004
11230.0 0.035089999999999975
