3200.0 1.05
3250.0 0.9099999999999999
3300.0 0.8200000000000001
3350.0 0.7500000000000001
3400.0 0.6999999999999997
3450.0 0.66
3500.0 0.62
3571.0 0.5699999999999998
3636.0 0.5500000000000002
3704.0 0.49999999999999994
3862.0 0.42000000000000004
4036.0 0.38
4167.0 0.3400000000000001
4255.0 0.31
4464.0 0.27
4566.0 0.25
4785.0 0.22000000000000006
5000.0 0.18999999999999995
5263.0 0.17000000000000004
5556.0 0.14000000000000007
5840.0 0.1600000000000001
6056.0 0.1499999999999999
6436.0 0.11000000000000004
6790.0 0.07100000000000001
7100.0 0.067
7550.0 0.052999999999999936
7780.0 0.04899999999999995
8090.0 0.052999999999999936
8370.0 0.04999999999999995
8708.0 0.030000000000000006
9832.0 0.052999999999999936
10256.0 0.023000000000000062
10400.0 0.02400000000000003
10610.0 0.025999999999999978
10796.0 0.029000000000000026
10870.0 0.037000000000000005
