3200.0 1.017
3250.0 0.8810000000000001
3300.0 0.787
3350.0 0.731
3400.0 0.6830000000000003
3450.0 0.6389999999999998
3500.0 0.6000000000000001
3571.0 0.556
3636.0 0.5180000000000001
3704.0 0.48399999999999993
3760.0 0.4570000000000001
3816.0 0.433
3862.0 0.41400000000000003
3945.0 0.38299999999999995
4000.0 0.3649999999999999
4036.0 0.3529999999999999
4065.0 0.344
4167.0 0.31499999999999995
4190.0 0.31
4255.0 0.293
4290.0 0.2839999999999999
4370.0 0.26800000000000007
4464.0 0.25
4498.0 0.24300000000000005
4566.0 0.23100000000000004
4604.0 0.2250000000000001
4678.0 0.21499999999999994
4735.0 0.20600000000000004
4785.0 0.20199999999999996
4825.0 0.19700000000000006
4914.0 0.18600000000000005
5000.0 0.18000000000000002
5067.0 0.17399999999999993
5145.0 0.1670000000000001
5206.0 0.16300000000000006
5263.0 0.161
5341.0 0.15800000000000003
5440.0 0.15300000000000002
5504.0 0.1499999999999999
5556.0 0.14799999999999996
5630.0 0.14700000000000002
5710.0 0.14599999999999994
5775.0 0.14399999999999996
5840.0 0.137
5910.0 0.133
5980.0 0.133
6056.0 0.13199999999999995
6140.0 0.12499999999999996
6220.0 0.11900000000000002
6290.0 0.11400000000000002
6365.0 0.10900000000000007
6436.0 0.104
6473.0 0.101
6530.0 0.09700000000000003
6600.0 0.09299999999999997
6670.0 0.08999999999999997
6740.0 0.08500000000000006
6790.0 0.08300000000000005
6850.0 0.08099999999999999
6975.0 0.07500000000000004
7055.0 0.07299999999999995
7100.0 0.07200000000000006
7150.0 0.07000000000000005
7220.0 0.06799999999999998
7270.0 0.06599999999999996
7365.0 0.06500000000000006
7460.0 0.06299999999999999
7550.0 0.06099999999999994
7580.0 0.058000000000000065
7725.0 0.05599999999999995
7780.0 0.054999999999999986
7820.0 0.054999999999999986
7910.0 0.05400000000000003
8000.0 0.05199999999999999
8090.0 0.051000000000000045
8210.0 0.04999999999999995
8260.0 0.04899999999999995
8370.0 0.047999999999999945
8708.0 0.030000000000000006
9832.0 0.052999999999999936
10256.0 0.023000000000000062
10400.0 0.02400000000000003
