3000.0 3.715
3010.0 3.3105000000000007
3020.0 2.9638000000000004
3030.0 2.6782
3040.0 2.4211
3050.0 2.2140000000000004
3060.0 2.0423
3070.0 1.9001000000000001
3080.0 1.7822000000000002
3090.0 1.6826000000000003
3100.0 1.5961000000000003
3110.0 1.5169
3120.0 1.4393
3130.0 1.3579000000000003
3140.0 1.2670000000000001
3150.0 1.161
3160.0 1.1270000000000002
3170.0 1.0928
3180.0 1.0587
3190.0 1.0247000000000002
3200.0 0.9908
3210.0 0.9574
3220.0 0.9245000000000001
3230.0 0.8922000000000001
3240.0 0.8609
3250.0 0.8303
3260.0 0.8009
3270.0 0.7727
3280.0 0.7459
3290.0 0.7204
3300.0 0.6967000000000001
3310.0 0.6877000000000001
3320.0 0.6788999999999998
3330.0 0.6702000000000001
3340.0 0.6598000000000002
3350.0 0.649
3360.0 0.6379
3370.0 0.6266
3380.0 0.6154000000000001
3390.0 0.6042
3400.0 0.5933999999999999
3410.0 0.5829
3420.0 0.5731
3430.0 0.564
3440.0 0.5558
3450.0 0.5486
3460.0 0.5408999999999999
3470.0 0.5337
3480.0 0.5269999999999999
3490.0 0.5208000000000002
3500.0 0.5146
3550.0 0.4830000000000001
3600.0 0.4554
3650.0 0.42989999999999995
3700.0 0.4061000000000001
3750.0 0.3839000000000001
3800.0 0.36330000000000007
3850.0 0.344
3900.0 0.32599999999999996
3950.0 0.3092
4000.0 0.2935
4050.0 0.2787
4100.0 0.2649
4150.0 0.2519000000000001
4200.0 0.23970000000000002
4250.0 0.2283
4300.0 0.21749999999999997
4350.0 0.20790000000000006
4400.0 0.1986
4450.0 0.18960000000000007
4500.0 0.1811
4550.0 0.17340000000000005
4600.0 0.16639999999999994
4650.0 0.15980000000000005
4700.0 0.15289999999999998
4750.0 0.14720000000000003
4800.0 0.14240000000000005
4850.0 0.13780000000000006
4900.0 0.13199999999999995
4950.0 0.1276
5000.0 0.12440000000000001
5050.0 0.12250000000000003
5100.0 0.11790000000000003
5150.0 0.11450000000000003
5200.0 0.11200000000000007
5250.0 0.11000000000000004
5300.0 0.10869999999999998
5350.0 0.10790000000000001
5400.0 0.10459999999999997
5450.0 0.10259999999999997
5500.0 0.10199999999999998
5550.0 0.10039999999999995
5600.0 0.09910000000000004
5650.0 0.09870000000000004
5700.0 0.10009999999999994
5750.0 0.09870000000000004
5800.0 0.09500000000000007
5850.0 0.09140000000000008
5900.0 0.08869999999999997
5950.0 0.08760000000000005
6000.0 0.08909999999999998
6050.0 0.08779999999999996
6100.0 0.08440000000000004
6150.0 0.08080000000000005
6200.0 0.07700000000000007
6250.0 0.07339999999999997
6300.0 0.07020000000000004
6350.0 0.06709999999999994
6400.0 0.06380000000000002
6450.0 0.06059999999999995
6500.0 0.05749999999999995
6550.0 0.05469999999999995
6600.0 0.0524
6650.0 0.04999999999999995
6700.0 0.047299999999999974
6750.0 0.045
6800.0 0.042800000000000046
6850.0 0.04070000000000001
6900.0 0.038899999999999935
6950.0 0.03710000000000001
7000.0 0.03560000000000002
7050.0 0.034199999999999946
7100.0 0.033000000000000036
7150.0 0.0319
7200.0 0.03069999999999995
7250.0 0.02929999999999999
7300.0 0.02820000000000003
7350.0 0.02740000000000001
7400.0 0.02679999999999999
7450.0 0.02609999999999994
7500.0 0.025399999999999978
7550.0 0.02429999999999996
7600.0 0.02130000000000004
7650.0 0.020799999999999944
7700.0 0.020200000000000027
7750.0 0.019699999999999974
7800.0 0.019199999999999957
7850.0 0.01869999999999996
7900.0 0.018300000000000042
7950.0 0.017799999999999965
8000.0 0.017399999999999943
8050.0 0.016899999999999988
8100.0 0.016500000000000008
8150.0 0.01609999999999997
8200.0 0.0157
8250.0 0.015300000000000044
8300.0 0.014999999999999986
8350.0 0.014599999999999964
8400.0 0.014300000000000031
8450.0 0.013899999999999973
8500.0 0.01360000000000001
8550.0 0.013299999999999972
8600.0 0.013000000000000041
8650.0 0.012700000000000013
8700.0 0.01240000000000004
8750.0 0.012100000000000008
8800.0 0.01180000000000004
8850.0 0.011500000000000008
8900.0 0.011300000000000057
8950.0 0.011000000000000029
9000.0 0.010799999999999987
9050.0 0.010599999999999948
9100.0 0.010300000000000052
9150.0 0.010099999999999961
9200.0 0.009899999999999968
9250.0 0.009700000000000032
9300.0 0.009500000000000015
9350.0 0.009299999999999945
9400.0 0.0091
9450.0 0.008900000000000026
9500.0 0.008700000000000025
9550.0 0.008500000000000046
9600.0 0.008300000000000031
9650.0 0.008200000000000051
9700.0 0.008000000000000024
9750.0 0.00779999999999997
9800.0 0.007699999999999978
9850.0 0.00749999999999995
9900.0 0.007400000000000009
9950.0 0.007199999999999997
10000.0 0.007100000000000005
10050.0 0.006899999999999972
10100.0 0.0067999999999999935
10150.0 0.0066999999999999655
10200.0 0.0065000000000000205
10250.0 0.00640000000000006
10300.0 0.006299999999999967
10350.0 0.006100000000000033
10400.0 0.0060000000000000496
10450.0 0.005900000000000006
10500.0 0.005800000000000025
10550.0 0.005699999999999946
10600.0 0.005600000000000048
10650.0 0.005499999999999958
10700.0 0.0053999999999999925
10750.0 0.005300000000000061
10800.0 0.005200000000000022
10850.0 0.005099999999999947
10900.0 0.004999999999999971
10950.0 0.004899999999999955
11000.0 0.0047999999999999545
