3200.0 0.8560000000000001
3300.0 0.5879999999999999
3400.0 0.5139999999999999
3500.0 0.44800000000000006
3600.0 0.4000000000000001
3700.0 0.359
3800.0 0.32299999999999995
3900.0 0.29200000000000004
4000.0 0.265
4100.0 0.241
4200.0 0.22000000000000006
4300.0 0.20199999999999996
4400.0 0.18500000000000003
4500.0 0.17099999999999993
4600.0 0.159
4700.0 0.14700000000000002
4800.0 0.1390000000000001
4900.0 0.13
5000.0 0.12499999999999996
5100.0 0.11900000000000002
5200.0 0.11400000000000002
5300.0 0.11299999999999998
5400.0 0.10900000000000007
5500.0 0.10599999999999993
5600.0 0.10700000000000001
5700.0 0.10799999999999998
5800.0 0.10299999999999997
5900.0 0.09800000000000003
6000.0 0.09800000000000003
6100.0 0.09199999999999993
6200.0 0.08400000000000003
6300.0 0.07800000000000003
6400.0 0.07000000000000005
6500.0 0.06500000000000006
6600.0 0.059999999999999956
6700.0 0.05599999999999995
6800.0 0.05199999999999999
6900.0 0.047999999999999945
7000.0 0.044
7100.0 0.04199999999999999
7200.0 0.038999999999999965
7300.0 0.037000000000000005
7400.0 0.034999999999999955
7500.0 0.033000000000000036
7600.0 0.03199999999999997
7700.0 0.030000000000000006
7800.0 0.029000000000000026
7900.0 0.028000000000000025
8000.0 0.02700000000000005
8100.0 0.025999999999999978
8200.0 0.025000000000000015
8300.0 0.02400000000000003
8400.0 0.023000000000000062
8500.0 0.023000000000000062
8600.0 0.022000000000000002
8700.0 0.020999999999999998
8800.0 0.020999999999999998
8900.0 0.020000000000000046
9000.0 0.01899999999999994
9100.0 0.01899999999999994
9200.0 0.018000000000000058
9300.0 0.018000000000000058
9400.0 0.01700000000000005
9500.0 0.01700000000000005
9600.0 0.015999999999999962
9700.0 0.015999999999999962
9800.0 0.014999999999999986
9900.0 0.014999999999999986
10000.0 0.014000000000000044
