3200.0 1.084
3250.0 0.948
3300.0 0.858
3350.0 0.7940000000000002
3400.0 0.745
3450.0 0.702
3500.0 0.665
3571.0 0.617
3636.0 0.5749999999999998
3704.0 0.532
3862.0 0.4600000000000001
4036.0 0.396
4167.0 0.35200000000000004
4255.0 0.325
4464.0 0.27900000000000014
4566.0 0.259
4785.0 0.23400000000000007
5000.0 0.20299999999999996
5263.0 0.18799999999999994
5556.0 0.17700000000000007
5840.0 0.166
6056.0 0.1600000000000001
6436.0 0.12299999999999993
6790.0 0.09800000000000003
7100.0 0.09400000000000004
7550.0 0.07999999999999996
7780.0 0.07600000000000001
8090.0 0.07999999999999996
8370.0 0.07700000000000007
8708.0 0.05700000000000004
9832.0 0.07999999999999996
10256.0 0.04999999999999995
10400.0 0.051000000000000045
10610.0 0.052999999999999936
10796.0 0.05599999999999995
10870.0 0.064
