3325.0 0.686
3375.0 0.606
3425.0 0.581
3475.0 0.5520000000000002
3525.0 0.526
3575.0 0.504
3625.0 0.478
3675.0 0.45600000000000007
3725.0 0.4300000000000001
3775.0 0.40900000000000003
3825.0 0.38599999999999995
3875.0 0.37799999999999995
3925.0 0.36299999999999993
3975.0 0.34499999999999986
4025.0 0.32999999999999996
4075.0 0.31600000000000006
4125.0 0.29799999999999993
4175.0 0.28500000000000003
4225.0 0.274
4275.0 0.265
4325.0 0.253
4375.0 0.241
4425.0 0.22900000000000006
4475.0 0.22099999999999995
4525.0 0.21199999999999994
4575.0 0.20400000000000007
4625.0 0.19799999999999998
4675.0 0.18999999999999995
4725.0 0.18500000000000003
4775.0 0.18200000000000005
4825.0 0.17600000000000005
4875.0 0.16899999999999998
4925.0 0.16200000000000003
4975.0 0.15699999999999995
5025.0 0.15599999999999997
5075.0 0.15300000000000002
5125.0 0.14599999999999994
5175.0 0.14299999999999993
5225.0 0.14099999999999996
5275.0 0.1390000000000001
5325.0 0.1390000000000001
5375.0 0.13399999999999995
5425.0 0.133
5475.0 0.13100000000000003
5525.0 0.12900000000000006
5575.0 0.12700000000000003
5625.0 0.12799999999999995
5675.0 0.13
5725.0 0.13399999999999995
5775.0 0.13199999999999995
5825.0 0.12399999999999994
5875.0 0.122
5925.0 0.12499999999999996
5975.0 0.122
6025.0 0.11700000000000005
6075.0 0.11500000000000009
6125.0 0.10799999999999998
6175.0 0.104
6225.0 0.10199999999999998
6275.0 0.09900000000000003
6325.0 0.09500000000000007
6375.0 0.09199999999999993
6425.0 0.08500000000000006
6475.0 0.08600000000000003
6525.0 0.08300000000000005
6575.0 0.08099999999999999
6625.0 0.07600000000000001
6675.0 0.07200000000000006
6725.0 0.06799999999999998
6775.0 0.064
7060.0 0.064
7450.0 0.047999999999999945
7940.0 0.04199999999999999
8500.0 0.03199999999999997
8675.0 0.030000000000000006
8850.0 0.029000000000000026
10000.0 0.022000000000000002
